010000037400
010000037500
010000037600
010000038100
010000038300
010000038600
010000038700
010000040100
010000041000
010000041600
010000041800
010000042000
010000042600
010000043300
010000043700
010000043900
010000044000
010000044200
010000044400
010000044600
010000044800
010000044900
010000045000
010000045100
010000045200
010000045300
010000045400
010000045500
010000045600
010000045700
010000045800
010000045900
010000046000
010000046100
010000046200
010000046300
010000046400
010000046500
010000046600
010000046700
010000046800
010000046900
010000047000
010000047100
010000047200
010000047300
010000047400
010000047500
010000047600
010000047700
010000047800
010000047900
010000048000
010000048100
010000048200
010000048300
010000048400
010000048500
010000048600
010000048700
010000048800
010000048900
010000049000
010000049100
010000049200
010000049300
010000049400
010000049500
010000049600
010000049700
010000049800
010000049900
010000050000
010000050100
010000050200
010000050300
010000050400
010000050500
010000050600
010000050700
010000050800
010000050900
010000051000
010000051100
010000051200
010000051300
010000051400
010000051500
010000051600
010000051700
010000051800
010000051900
010000052000
010000052100
010000052200
010000052300
010000052400
010000052500
010000052600
010000052700
010000052800
010000052900
010000053000
010000053100
010000053200
010000053300
010000053400
010000053500
010000053600
010000053700
010000053800
020000011200
020000011300
020000011600
020000011700
020000011800
020000011900
020000012000
020000012100
020000012200
020000012300
020000012400
020000012500
020000012600
020000012700
020000012800
020000012900
020000013000
020000013100
020000013200
020000013300
020000013400
020000013500
020000013600
020000013700
020000013800
020000013900
020000014000
020000014100
020000014200
020000014300
020000014400
020000014500
020000014600
020000014700
020000014800
020000014900
020000015000
020000015100
020000015200
020000015300
020000015400
020000015500
020000015600
020000015700
020000015800
020000015900
020000016000
020000016100
020000016200
020000016300
020000016400
020000016500
020000016600
020000016700
020000016800
020000016900
020000017000
020000017100
020000017200
020000017300
020000017400
020000017500
020000017600
020000017700
020000017800
020000017900
020000018000
020000018100
020000018200
020000018300
020000018400
020000018500
020000018600
020000018700
020000018800
020000018900
020000019000
020000019100
020000019200
020000019300
020000019400
020000019500
020000019600
020000019700
020000019800
020000019900
020000020000
020000020100
020000020200
020000020300
020000020400
020000020500
020000020600
020000020700
020000020800
020000020900
020000021000
020000021100
020000021200
020000021300
020000021400
020000021500
020000021600
020000021700
020000021800
020000021900
020000022000
020000022100
020000022200
020000022300
020000022400
020000022500
020000022600
020000022700
020000022800
020000022900
020000023000
020000023100
020000023200
030000005400
030000005500
030000005600
030000005700
030000005800
030000005900
030000006000
030000006100
030000006200
030000006300
030000006400
030000006500
030000006600
030000006700
030000006800
030000006900
030000007000
030000007100
030000007200
030000007300
030000007400
030000007500
030000007600
030000007700
030000007800
030000007900
030000008000
030000008100
030000008200
030000008300
030000008400
030000008500
030000008600
030000008700
030000008800
030000008900
030000009000
030000009100
030000009200
030000009300
030000009400
030000009500
030000009600
030000009700
030000009800
030000009900
030000010000
030000010100
030000010200
030000010300
030000010400
030000010500
030000010600
030000010700
030000010800
030000010900
030000011000
030000011100
030000011200
030000011300
030000011400
030000011500
030000011600
030000011700
030000011800
030000011900
030000012000
030000012100
030000012200
030000012300
030000012400
030000012500
030000012600
030000012700
030000012800
030000012900
030000013000
030000013100
030000013200
030000013300
030000013400
030000013500
030000013600
030000013700
030000013800
030000013900
030000014000
030000014100
030000014200
030000014300
030000014400
030000014500
030000014600
030000014700
030000014800
030000014900
030000015000
030000015100
030000015200
030000015300
030000015400
030000015500
030000015600
030000015700
030000015800
030000015900
030000016000
030000016100
030000016200
030000016300
030000016400
040000010000
040000010100
040000010200
040000010300
040000010400
040000010500
040000010600
040000010700
040000010800
040000010900
040000011000
040000011100
040000011200
040000011300
040000011400
040000011500
040000011600
040000011700
040000011800
040000011900
040000012000
040000012100
040000012200
040000012300
040000012400
040000012500
040000012600
040000012700
040000012800
040000012900
040000013000
040000013100
040000013200
040000013300
040000013400
040000013500
040000013600
040000013700
040000013800
040000013900
040000014000
040000014100
040000014200
040000014300
040000014400
040000014500
040000014600
040000014700
040000014800
040000014900
040000015000
040000015100
040000015200
040000015300
040000015400
040000015500
040000015600
040000015700
040000015800
040000015900
040000016000
040000016100
040000016200
040000016300
040000016400
040000016500
040000016600
040000016700
040000016800
040000016900
040000017000
040000017100
040000017200
040000017300
040000017400
040000017500
040000017600
040000017700
040000017800
040000017900
040000018000
040000018100
040000018200
040000018300
040000018400
040000018500
040000018600
040000018700
040000018800
040000018900
040000019000
040000019100
040000019200
040000019300
040000019400
040000019500
040000019600
040000019700
040000019800
040000019900
040000020000
040000020100
040000020200
040000020300
040000020400
040000020500
040000020600
040000020700
040000020800
040000020900
050000000100
050000000200
050000000300
050000000400
050000000500
050000000600
050000000700
050000000800
050000000900
050000001000
050000001100
050000001200
050000001300
050000001400
050000001500
050000001600
050000001700
050000001800
050000001900
050000002000
050000002100
050000002200
050000002300
050000002400
050000002500
050000002600
050000002700
050000002800
050000002900
050000003000
050000003100
050000003200
050000003300
050000003400
050000003500
050000003600
050000003700
050000003800
050000003900
050000004000
050000004100
050000004200
050000004300
050000004400
050000004500
050000004600
050000004700
050000004800
050000004900
050000005000
050000005100
050000005200
050000005300
050000005400
050000005500
050000005600
050000005700
050000005800
050000005900
050000006000
050000006100
050000006200
050000006300
050000006400
050000006500
050000006600
050000006700
050000006800
050000006900
050000007000
050000007100
050000007200
050000007300
050000007400
050000007500
050000007600
050000007700
050000007800
050000007900
050000008000
050000008100
050000008200
050000008300
050000008400
050000008500
050000008600
050000008700
050000008800
050000008900
050000009000
050000009100
050000009200
050000009300
050000009400
050000009500
050000009600
050000009700
050000009800
050000009900
050000010000
050000010100
050000010200
050000010300
050000010400
050000010500
050000010600
050000010700
060000000100
060000000200
060000000300
060000000400
060000000500
060000000600
060000000700
060000000800
060000000900
060000001000
060000001100
060000001200
060000001300
060000001400
060000001500
060000001600
060000001700
060000001800
060000001900
060000002000
060000002100
060000002200
060000002300
060000002400
060000002500
060000002600
060000002700
060000002800
060000002900
060000003000
060000003100
060000003200
060000003300
060000003400
060000003500
060000003600
060000003700
060000003800
060000003900
060000004000
060000004100
060000004200
060000004300
060000004400
060000004500
060000004600
060000004700
060000004800
060000004900
060000005000
060000005100
060000005200
060000005300
060000005400
060000005500
060000005600
060000005700
060000005800
060000005900
060000006000
060000006100
060000006200
060000006300
060000006400
060000006500
060000006600
060000006700
060000006800
060000006900
060000007000
060000007100
060000007200
060000007300
060000007400
060000007500
060000007600
060000007700
060000007800
060000007900
060000008000
060000008100
060000008200
060000008300
060000008400
060000008500
060000008600
060000008700
060000008800
060000008900
060000009000
060000009100
060000009200
060000009300
060000009400
060000009500
060000009600
060000009700
060000009800
060000009900
060000010000
060000010100
060000010200
060000010300
060000010400
060000010500
060000010600
060000010700
060000010800
060000010900
060000011000
070000000100
070000000200
070000000300
070000000400
070000000500
070000000600
070000000700
070000000800
070000000900
070000001000
070000001100
070000001200
070000001300
070000001400
070000001500
070000001600
070000001700
070000001800
070000001900
070000002000
070000002100
070000002200
070000002300
070000002400
070000002500
070000002600
070000002700
070000002800
070000002900
070000003000
070000003100
070000003200
070000003300
070000003400
070000003500
070000003600
070000003700
070000003800
070000003900
070000004000
070000004100
070000004200
070000004300
070000004400
070000004500
070000004600
070000004700
070000004800
070000004900
070000005000
070000005100
070000005200
070000005300
070000005400
070000005500
070000005600
070000005700
070000005800
070000005900
070000006000
070000006100
070000006200
070000006300
070000006400
070000006500
070000006600
070000006700
070000006800
070000006900
070000007000
070000007100
070000007200
070000007300
070000007400
070000007500
070000007600
070000007700
070000007800
070000007900
070000008000
070000008100
070000008200
070000008300
070000008400
070000008500
070000008600
070000008700
070000008800
070000008900
070000009000
070000009100
070000009200
070000009300
070000009400
070000009500
070000009600
070000009700
070000009800
070000009900
070000010000
070000010100
070000010200
070000010300
070000010400
070000010500
070000010600
070000010700
070000010800
070000010900
070000011000
080000000100
080000000200
080000000300
080000000400
080000000500
080000000600
080000000700
080000000800
080000000900
080000001000
080000001100
080000001200
080000001300
080000001400
080000001500
080000001600
080000001700
080000001800
080000001900
080000002000
080000002100
080000002200
080000002300
080000002400
080000002500
080000002600
080000002700
080000002800
080000002900
080000003000
080000003100
080000003200
080000003300
080000003400
080000003500
080000003600
080000003700
080000003800
080000003900
080000004000
080000004100
080000004200
080000004300
080000004400
080000004500
080000004600
080000004700
080000004800
080000004900
080000005000
080000005100
080000005200
080000005300
080000005400
080000005500
080000005600
080000005700
080000005800
080000005900
080000006000
080000006100
080000006200
080000006300
080000006400
080000006500
080000006600
080000006700
080000006800
080000006900
080000007000
080000007100
080000007200
080000007300
080000007400
080000007500
080000007600
080000007700
080000007800
080000007900
080000008000
080000008100
080000008200
080000008300
080000008400
080000008500
080000008600
080000008700
080000008800
080000008900
080000009000
080000009100
080000009200
080000009300
080000009400
080000009500
080000009600
080000009700
080000009800
080000009900
080000010000
080000010100
080000010200
080000010300
080000010400
080000010500
080000010600
090000000100
090000000200
090000000300
090000000400
090000000500
090000000600
090000000700
090000000800
090000000900
090000001000
090000001100
090000001200
090000001300
090000001400
090000001500
090000001600
090000001700
090000001800
090000001900
090000002000
090000002100
090000002200
090000002300
090000002400
090000002500
090000002600
090000002700
090000002800
090000002900
090000003000
090000003100
090000003200
090000003300
090000003400
090000003500
090000003600
090000003700
090000003800
090000003900
090000004000
090000004100
090000004200
090000004300
090000004400
090000004500
090000004600
090000004700
090000004800
090000004900
090000005000
090000005100
090000005200
090000005300
090000005400
090000005500
090000005600
090000005700
090000005800
090000005900
090000006000
090000006100
090000006200
090000006300
090000006400
090000006500
090000006600
090000006700
090000006800
090000006900
090000007000
090000007100
090000007200
090000007300
090000007400
090000007500
090000007600
090000007700
090000007800
090000007900
090000008000
090000008100
090000008200
090000008300
090000008400
090000008500
090000008600
090000008700
090000008800
090000008900
090000009000
090000009100
090000009200
090000009300
090000009400
090000009500
090000009600
090000009700
090000009800
090000009900
090000010000
090000010100
090000010200
090000010300
090000010400
090000010500
090000010600
100000000100
100000000200
100000000300
100000000400
100000000500
100000000600
100000000700
100000000800
100000000900
100000001000
100000001100
100000001200
100000001300
100000001400
100000001500
100000001600
100000001700
100000001800
100000001900
100000002000
110000000100
110000000200
110000000300
110000000400
110000000500
110000000600
110000000700
110000000800
110000000900
110000001000
110000001100
110000001200
110000001300
110000001400
110000001500
110000001600
110000001700
110000001800
110000001900
110000002000
110000002100
110000002200
110000002300
110000002400
110000002500
110000002600
110000002700
110000002800
110000002900
110000003000
110000003100
110000003200
110000003300
110000003400
110000003500
110000003600
110000003700
110000003800
110000003900
110000004000
110000004100
110000004200
110000004300
110000004400
110000004500
110000004600
110000004700
110000004800
110000004900
110000005000
110000005100
110000005200
110000005300
110000005400
110000005500
110000005600
110000005700
110000005800
110000005900
110000006000
110000006100
110000006200
110000006300
110000006400
110000006500
110000006600
110000006700
110000006800
110000006900
110000007000
110000007100
110000007200
110000007300
110000007400
110000007500
110000007600
110000007700
110000007800
110000007900
110000008000
110000008100
110000008200
110000008300
110000008400
110000008500
110000008600
110000008700
110000008800
110000008900
110000009000
110000009100
110000009200
110000009300
110000009400
110000009500
110000009600
110000009700
110000009800
110000009900
110000010000
110000010100
110000010200
110000010300
110000010400
110000010500
110000010600
110000010700
110000010800
110000010900
110000011000
120000000100
120000000200
120000000300
120000000400
120000000500
120000000600
120000000700
120000000800
120000000900
120000001000
120000001100
120000001200
120000001300
120000001400
120000001500
120000001600
120000001700
120000001800
120000001900
120000002000
120000002100
120000002200
120000002300
120000002400
120000002500
120000002600
120000002700
120000002800
120000002900
120000003000
120000003100
120000003200
120000003300
120000003400
120000003500
120000003600
120000003700
120000003800
120000003900
120000004000
120000004100
120000004200
120000004300
120000004400
120000004500
120000004600
120000004700
120000004800
120000004900
120000005000
120000005100
120000005200
120000005300
120000005400
120000005500
120000005600
120000005700
120000005800
120000005900
120000006000
120000006100
120000006200
120000006300
120000006400
120000006500
120000006600
120000006700
120000006800
120000006900
120000007000
120000007100
120000007200
120000007300
120000007400
120000007500
120000007600
120000007700
120000007800
120000007900
120000008000
120000008100
120000008200
120000008300
120000008400
120000008500
120000008600
120000008700
120000008800
120000008900
120000009000
120000009100
120000009200
120000009300
120000009400
120000009500
120000009600
120000009700
120000009800
120000009900
120000010000
120000010100
120000010200
120000010300
120000010400
120000010500
120000010600
120000010700
120000010800
120000010900
120000011000
120000011100
130000000100
130000000200
130000000300
130000000400
130000000500
130000000600
130000000700
130000000800
130000000900
130000001000
130000001100
130000001200
130000001300
130000001400
130000001500
130000001600
130000001700
130000001800
130000001900
130000002000
130000002100
130000002200
130000002300
130000002400
130000002500
130000002600
130000002700
130000002800
130000002900
130000003000
130000003100
130000003200
130000003300
130000003400
130000003500
130000003600
130000003700
130000003800
130000003900
130000004000
130000004100
130000004200
130000004300
130000004400
130000004500
130000004600
130000004700
130000004800
130000004900
130000005000
130000005100
130000005200
130000005300
130000005400
130000005500
130000005600
130000005700
130000005800
130000005900
130000006000
130000006100
130000006200
130000006300
130000006400
130000006500
130000006600
130000006700
130000006800
130000006900
130000007000
130000007100
130000007200
130000007300
130000007400
130000007500
130000007600
130000007700
130000007800
130000007900
130000008000
130000008100
130000008200
130000008300
130000008400
130000008500
130000008600
130000008700
130000008800
130000008900
130000009000
130000009100
130000009200
130000009300
130000009400
130000009500
130000009600
130000009700
130000009800
130000009900
130000010000
130000010100
130000010200
130000010300
130000010400
130000010500
130000010600
130000010700
130000010800
130000010900
130000011000
130000011100
140000000100
140000000200
140000000300
140000000400
140000000500
140000000600
140000000700
140000000800
140000000900
140000001000
140000001100
140000001200
140000001300
140000001400
140000001500
140000001600
140000001700
140000001800
140000001900
140000002000
140000002100
140000002200
140000002300
140000002400
140000002500
140000002600
140000002700
140000002800
140000002900
140000003000
140000003100
140000003200
140000003300
140000003400
140000003500
140000003600
140000003700
140000003800
140000003900
140000004000
140000004100
140000004200
140000004300
140000004400
140000004500
140000004600
140000004700
140000004800
140000004900
140000005000
140000005100
140000005200
140000005300
140000005400
140000005500
140000005600
140000005700
140000005800
140000005900
140000006000
140000006100
140000006200
140000006300
140000006400
140000006500
140000006600
140000006700
140000006800
140000006900
140000007000
140000007100
140000007200
140000007300
140000007400
140000007500
140000007600
140000007700
140000007800
140000007900
140000008000
140000008100
140000008200
140000008300
140000008400
140000008500
140000008600
140000008700
140000008800
140000008900
140000009000
140000009100
140000009200
140000009300
140000009400
140000009500
140000009600
140000009700
140000009800
140000009900
140000010000
140000010100
140000010200
140000010300
140000010400
140000010500
140000010600
140000010700
140000010800
140000010900
140000011000
140000011100
150000000100
150000000200
150000000300
150000000400
150000000500
150000000600
150000000700
150000000800
150000000900
150000001000
150000001100
150000001200
150000001300
150000001400
150000001500
150000001600
150000001700
150000001800
150000001900
150000002000
150000002100
150000002200
150000002300
150000002400
150000002500
150000002600
150000002700
150000002800
150000002900
150000003000
150000003100
150000003200
150000003300
150000003400
150000003500
150000003600
150000003700
150000003800
150000003900
150000004000
150000004100
150000004200
150000004300
150000004400
150000004500
150000004600
150000004700
150000004800
150000004900
150000005000
150000005100
150000005200
150000005300
150000005400
150000005500
150000005600
150000005700
150000005800
150000005900
150000006000
150000006100
150000006200
150000006300
150000006400
150000006500
150000006600
150000006700
150000006800
150000006900
150000007000
150000007100
150000007200
150000007300
150000007400
150000007500
150000007600
150000007700
150000007800
150000007900
150000008000
150000008100
150000008200
150000008300
150000008400
150000008500
150000008600
150000008700
150000008800
150000008900
150000009000
150000009100
150000009200
150000009300
150000009400
150000009500
150000009600
150000009700
150000009800
150000009900
150000010000
150000010100
150000010200
150000010300
150000010400
150000010500
150000010600
150000010700
150000010800
150000010900
150000011000
150000011100
160000000100
160000000200
160000000300
160000000400
160000000500
160000000600
160000000700
160000000800
160000000900
160000001000
160000001100
160000001200
160000001300
160000001400
160000001500
160000001600
160000001700
160000001800
160000001900
160000002000
160000002100
160000002200
160000002300
160000002400
160000002500
160000002600
160000002700
160000002800
160000002900
160000003000
160000003100
160000003200
160000003300
160000003400
160000003500
160000003600
160000003700
160000003800
160000003900
160000004000
160000004100
160000004200
160000004300
160000004400
160000004500
160000004600
160000004700
160000004800
160000004900
160000005000
160000005100
160000005200
160000005300
160000005400
160000005500
160000005600
160000005700
160000005800
160000005900
160000006000
160000006100
160000006200
160000006300
160000006400
160000006500
160000006600
160000006700
160000006800
160000006900
160000007000
160000007100
160000007200
160000007300
160000007400
160000007500
160000007600
160000007700
160000007800
160000007900
160000008000
160000008100
160000008200
160000008300
160000008400
160000008500
160000008600
160000008700
160000008800
160000008900
160000009000
160000009100
160000009200
160000009300
160000009400
160000009500
160000009600
160000009700
160000009800
160000009900
160000010000
160000010100
160000010200
160000010300
160000010400
160000010500
160000010600
160000010700
160000010800
160000010900
160000011000
170000000100
170000000200
170000000300
170000000400
170000000500
170000000600
170000000700
170000000800
170000000900
170000001000
170000001100
170000001200
170000001300
170000001400
170000001500
170000001600
170000001700
170000001800
170000001900
170000002000
170000002100
170000002200
170000002300
170000002400
170000002500
170000002600
170000002700
170000002800
170000002900
170000003000
170000003100
170000003200
170000003300
170000003400
170000003500
170000003600
170000003700
170000003800
170000003900
170000004000
170000004100
170000004200
170000004300
170000004400
170000004500
170000004600
170000004700
170000004800
170000004900
170000005000
170000005100
170000005200
170000005300
170000005400
170000005500
170000005600
170000005700
170000005800
170000005900
170000006000
170000006100
170000006200
170000006300
170000006400
170000006500
170000006600
170000006700
170000006800
170000006900
170000007000
170000007100
170000007200
170000007300
170000007400
170000007500
170000007600
170000007700
170000007800
170000007900
170000008000
170000008100
170000008200
170000008300
170000008400
170000008500
170000008600
170000008700
170000008800
170000008900
170000009000
170000009100
170000009200
170000009300
170000009400
170000009500
170000009600
170000009700
170000009800
170000009900
170000010000
170000010100
170000010200
170000010300
170000010400
170000010500
170000010600
170000010700
170000010800
170000010900
170000011000
180000000100
180000000200
180000000300
180000000400
180000000500
180000000600
180000000700
180000000800
180000000900
180000001000
180000001100
180000001200
180000001300
180000001400
180000001500
180000001600
180000001700
180000001800
180000001900
180000002000
180000002100
180000002200
180000002300
180000002400
180000002500
180000002600
180000002700
180000002800
180000002900
180000003000
180000003100
180000003200
180000003300
180000003400
180000003500
180000003600
180000003700
180000003800
180000003900
180000004000
180000004100
180000004200
180000004300
180000004400
180000004500
180000004600
180000004700
180000004800
180000004900
180000005000
180000005100
180000005200
180000005300
180000005400
180000005500
180000005600
180000005700
180000005800
180000005900
180000006000
180000006100
180000006200
180000006300
180000006400
180000006500
180000006600
180000006700
180000006800
180000006900
180000007000
180000007100
180000007200
180000007300
180000007400
180000007500
180000007600
180000007700
180000007800
180000007900
180000008000
180000008100
180000008200
180000008300
180000008400
180000008500
180000008600
180000008700
180000008800
180000008900
180000009000
180000009100
180000009200
180000009300
180000009400
180000009500
180000009600
180000009700
180000009800
180000009900
180000010000
180000010100
180000010200
180000010300
180000010400
180000010500
180000010600
180000010700
180000010800
180000010900
180000011000
190000000100
190000000200
190000000300
190000000400
190000000500
190000000600
190000000700
190000000800
190000000900
190000001000
190000001100
190000001200
190000001300
190000001400
190000001500
190000001600
190000001700
190000001800
190000001900
190000002000
190000002100
190000002200
190000002300
190000002400
190000002500
190000002600
190000002700
190000002800
190000002900
190000003000
190000003100
190000003200
190000003300
190000003400
190000003500
190000003600
190000003700
190000003800
190000003900
190000004000
190000004100
190000004200
190000004300
190000004400
190000004500
190000004600
190000004700
190000004800
190000004900
190000005000
190000005100
190000005200
190000005300
190000005400
190000005500
190000005600
190000005700
190000005800
190000005900
190000006000
190000006100
190000006200
190000006300
190000006400
190000006500
190000006600
190000006700
190000006800
190000006900
190000007000
190000007100
190000007200
190000007300
190000007400
190000007500
190000007600
190000007700
190000007800
190000007900
190000008000
190000008100
190000008200
190000008300
190000008400
190000008500
190000008600
190000008700
190000008800
190000008900
190000009000
190000009100
190000009200
190000009300
190000009400
190000009500
190000009600
190000009700
190000009800
190000009900
190000010000
190000010100
190000010200
190000010300
190000010400
190000010500
190000010600
190000010700
190000010800
190000010900
190000011000
200000000100
200000000200
200000000300
200000000400
200000000500
200000000600
200000000700
200000000800
200000000900
200000001000
200000001100
200000001200
200000001300
200000001400
200000001500
200000001600
200000001700
200000001800
200000001900
200000002000
200000002100
200000002200
200000002300
200000002400
200000002500
200000002600
200000002700
200000002800
200000002900
200000003000
200000003100
200000003200
200000003300
200000003400
200000003500
200000003600
200000003700
200000003800
200000003900
200000004000
200000004100
200000004200
200000004300
200000004400
200000004500
200000004600
200000004700
200000004800
200000004900
200000005000
200000005100
200000005200
200000005300
200000005400
200000005500
200000005600
200000005700
200000005800
200000005900
200000006000
200000006100
200000006200
200000006300
200000006400
200000006500
200000006600
200000006700
200000006800
200000006900
200000007000
200000007100
200000007200
200000007300
200000007400
200000007500
200000007600
200000007700
200000007800
200000007900
200000008000
200000008100
200000008200
200000008300
200000008400
200000008500
200000008600
200000008700
200000008800
200000008900
200000009000
200000009100
200000009200
200000009300
200000009400
200000009500
200000009600
200000009700
200000009800
200000009900
200000010000
200000010100
200000010200
200000010300
200000010400
200000010500
200000010600
200000010700
200000010800
200000010900
200000011000
200000011100
200000011200
200000011300
200000011400
200000011500
200000011600
200000011700
200000011800
200000011900
200000012000
200000012100
200000012200
200000012300
200000012400
200000012500
200000012600
200000012700
200000012800
200000012900
200000013000
200000013100
200000013200
200000013300
200000013400
200000013500
200000013600
200000013700
200000013800
200000013900
200000014000
200000014100
200000014200
200000014300
200000014400
200000014500
200000014600
200000014700
200000014800
200000014900
200000015000
200000015100
200000015200
200000015300
200000015400
200000015500
200000015600
200000015700
200000015800
200000015900
200000016000
200000016100
200000016200
200000016300
200000016400
200000016500
200000016600
200000016700
200000016800
200000016900
200000017000
200000017100
200000017200
200000017300
200000017400
200000017500
200000017600
200000017700
200000017800
200000017900
200000018000
200000018100
200000018200
200000018300
200000018400
200000018500
200000018600
200000018700
200000018800
200000018900
200000019000
200000019100
200000019200
200000019300
200000019400
200000019500
200000019600
200000019700
200000019800
200000019900
200000020000
200000020100
200000020200
200000020300
200000020400
200000020500
200000020600
200000020700
200000020800
200000020900
200000021000
200000021100
200000021200
200000021300
200000021400
200000021500
200000021600
200000021700
200000021800
200000021900
200000022000
200000022100
200000022200
200000022300
200000022400
200000022500
200000022600
200000022700
200000022800
200000022900
200000023000
200000023100
200000023200
200000023300
200000023400
200000023500
200000023600
200000023700
200000023800
200000023900
200000024000
200000024100
200000024200
200000024300
200000024400
200000024500
200000024600
200000024700
200000024800
200000024900
200000025000
200000025100
200000025200
200000025300
200000025400
200000025500
200000025600
200000025700
200000025800
200000025900
200000026000
200000026100
200000026200
200000026300
200000026400
200000026500
200000026600
200000026700
200000026800
200000026900
200000027000
200000027100
200000027200
200000027300
200000027400
200000027500
200000027600
200000027700
200000027800
200000027900
200000028000
200000028100
200000028200
200000028300
200000028400
200000028500
200000028600
200000028700
200000028800
200000028900
200000029000
200000029100
200000029200
200000029300
200000029400
200000029500
200000029600
200000029700
200000029800
200000029900
200000030000
200000030100
200000030200
200000030300
200000030400
200000030500
200000030600
200000030700
200000030800
200000030900
200000031000
200000031100
200000031200
200000031300
200000031400
200000031500
200000031600
200000031700
200000031800
200000031900
200000032000
200000032100
200000032200
200000032300
200000032400
200000032500
200000032600
200000032700
200000032800
200000032900
200000033000
200000033100
200000033200
200000033300
200000033400
200000033500
200000033600
200000033700
200000033800
200000033900
200000034000
200000034100
200000034200
200000034300
200000034400
200000034500
200000034600
200000034700
200000034800
200000034900
200000035000
200000035100
200000035200
200000035300
200000035400
200000035500
200000035600
200000035700
200000035800
200000035900
200000036000
200000036100
200000036200
200000036300
200000036400
200000036500
200000036600
200000036700
200000036800
200000036900
200000037000
200000037100
200000037200
200000037300
200000037400
200000037500
200000037600
200000037700
200000037800
200000037900
200000038000
200000038100
200000038200
200000038300
200000038400
200000038500
200000038600
200000038700
200000038800
200000038900
200000039000
200000039100
200000039200
200000039300
200000039400
200000039500
200000039600
200000039700
200000039800
200000039900
200000040000
200000040100
200000040200
200000040300
200000040400
200000040500
200000040600
200000040700
200000040800
200000040900
200000041000
200000041100
200000041200
200000041300
200000041400
200000041500
200000041600
200000041700
200000041800
200000041900
200000042000
200000042100
200000042200
200000042300
200000042400
200000042500
200000042600
200000042700
200000042800
200000042900
200000043000
200000043100
200000043200
200000043300
200000043400
200000043500
200000043600
200000043700
200000043800
200000043900
200000044000
200000044100
200000044200
200000044300
200000044400
200000044500
200000044600
200000044700
200000044800
200000044900
200000045000
200000045100
200000045200
200000045300
200000045400
200000045500
200000045600
200000045700
200000045800
200000045900
200000046000
200000046100
200000046200
200000046300
200000046400
200000046500
200000046600
200000046700
200000046800
200000046900
200000047000
200000047100
200000047200
200000047300
200000047400
200000047500
200000047600
200000047700
200000047800
200000047900
200000048000
200000048100
200000048200
200000048300
200000048400
200000048500
200000048600
200000048700
200000048800
200000048900
200000049000
200000049100
200000049200
200000049300
200000049400
200000049500
200000049600
200000049700
200000049800
200000049900
200000050000
200000050100
200000050200
200000050300
200000050400
200000050500
200000050600
200000050700
200000050800
200000050900
200000051000
200000051100
200000051200
200000051300
200000051400
200000051500
200000051600
200000051700
200000051800
200000051900
200000052000
200000052100
200000052200
200000052300
200000052400
200000052500
200000052600
200000052700
200000052800
200000052900
200000053000
200000053100
200000053200
200000053300
200000053400
200000053500
200000053600
200000053700
200000053800
200000053900
200000054000
200000054100
200000054200
200000054300
200000054400
200000054500
200000054600
200000054700
200000054800
200000054900
200000055000
200000055100
200000055200
200000055300
200000055400
200000055500
200000055600
200000055700
200000055800
200000055900
200000056000
200000056100
200000056200
200000056300
200000056400
200000056500
200000056600
200000056700
200000056800
200000056900
200000057000
200000057100
200000057200
200000057300
200000057400
200000057500
200000057600
200000057700
200000057800
200000057900
200000058000
200000058100
200000058200
200000058300
200000058400
200000058500
200000058600
200000058700
200000058800
200000058900
200000059000
200000059100
200000059200
200000059300
200000059400
200000059500
200000059600
200000059700
200000059800
200000059900
200000060000
200000060100
200000060200
200000060300
200000060400
200000060500
200000060600
200000060700
200000060800
200000060900
200000061000
200000061100
200000061200
200000061300
200000061400
200000061500
200000061600
200000061700
200000061800
200000061900
200000062000
200000062100
200000062200
200000062300
200000062400
200000062500
200000062600
200000062700
200000062800
200000062900
200000063000
200000063100
200000063200
200000063300
200000063400
200000063500
200000063600
200000063700
200000063800
200000063900
200000064000
200000064100
200000064200
200000064300
200000064400
200000064500
200000064600
200000064700
200000064800
200000064900
200000065000
200000065100
200000065200
200000065300
200000065400
200000065500
200000065600
200000065700
200000065800
200000065900
200000066000
200000066100
200000066200
200000066300
200000066400
200000066500
200000066600
200000066700
200000066800
200000066900
200000067000
200000067100
200000067200
200000067300
200000067400
200000067500
200000067600
200000067700
200000067800
200000067900
200000068000
200000068100
200000068200
200000068300
200000068400
200000068500
200000068600
200000068700
200000068800
200000068900
200000069000
200000069100
200000069200
200000069300
200000069400
200000069500
200000069600
200000069700
200000069800
200000069900
200000070000
200000070100
200000070200
200000070300
200000070400
200000070500
200000070600
200000070700
200000070800
200000070900
200000071000
200000071100
200000071200
200000071300
200000071400
200000071500
200000071600
200000071700
200000071800
200000071900
200000072000
200000072100
200000072200
200000072300
200000072400
200000072500
200000072600
200000072700
200000072800
200000072900
200000073000
200000073100
200000073200
200000073300
200000073400
200000073500
200000073600
200000073700
200000073800
200000073900
200000074000
200000074100
200000074200
200000074300
200000074400
200000074500
200000074600
200000074700
200000074800
200000074900
200000075000
200000075100
200000075200
200000075300
200000075400
200000075500
200000075600
200000075700
200000075800
200000075900
200000076000
200000076100
200000076200
200000076300
200000076400
200000076500
200000076600
200000076700
200000076800
200000076900
200000077000
200000077100
200000077200
200000077300
200000077400
200000077500
200000077600
200000077700
200000077800
200000077900
200000078000
200000078100
200000078200
200000078300
200000078400
200000078500
200000078600
200000078700
200000078800
200000078900
200000079000
200000079100
200000079200
200000079300
200000079400
200000079500
200000079600
200000079700
200000079800
200000079900
200000080000
200000080100
200000080200
200000080300
200000080400
200000080500
200000080600
200000080700
200000080800
200000080900
200000081000
200000081100
200000081200
200000081300
200000081400
200000081500
200000081600
200000081700
200000081800
200000081900
200000082000
200000082100
200000082200
200000082300
200000082400
200000082500
200000082600
200000082700
200000082800
200000082900
200000083000
200000083100
200000083200
200000083300
200000083400
200000083500
200000083600
200000083700
200000083800
200000083900
200000084000
200000084100
200000084200
200000084300
200000084400
200000084500
200000084600
200000084700
200000084800
200000084900
200000085000
200000085100
200000085200
200000085300
200000085400
200000085500
200000085600
200000085700
200000085800
200000085900
200000086000
200000086100
200000086200
200000086300
200000086400
200000086500
200000086600
200000086700
200000086800
200000086900
200000087000
200000087100
200000087200
200000087300
200000087400
200000087500
200000087600
200000087700
200000087800
200000087900
200000088000
200000088100
200000088200
200000088300
200000088400
200000088500
200000088600
200000088700
200000088800
200000088900
200000089000
200000089100
210000000100
210000000200
210000000300
210000000400
210000000500
210000000600
210000000700
210000000800
210000000900
210000001000
210000001100
210000001200
210000001300
210000001400
210000001500
210000001600
210000001700
210000001800
210000001900
210000002000
210000002100
210000002200
210000002300
210000002400
210000002500
210000002600
210000002700
210000002800
210000002900
210000003000
210000003100
210000003200
210000003300
210000003400
210000003500
210000003600
210000003700
210000003800
210000003900
210000004000
210000004100
210000004200
210000004300
210000004400
210000004500
210000004600
210000004700
210000004800
210000004900
210000005000
210000005100
210000005200
210000005300
210000005400
210000005500
210000005600
210000005700
210000005800
210000005900
210000006000
210000006100
210000006200
210000006300
210000006400
210000006500
210000006600
210000006700
210000006800
210000006900
210000007000
210000007100
210000007200
210000007300
210000007400
210000007500
210000007600
210000007700
210000007800
210000007900
210000008000
210000008100
210000008200
210000008300
210000008400
210000008500
210000008600
210000008700
210000008800
210000008900
210000009000
210000009100
210000009200
210000009300
210000009400
210000009500
210000009600
210000009700
210000009800
210000009900
210000010000
210000010100
210000010200
210000010300
210000010400
210000010500
210000010600
210000010700
210000010800
210000010900
210000011000
210000011100
210000011200
210000011300
210000011400
210000011500
210000011600
210000011700
210000011800
210000011900
210000012000
210000012100
210000012200
210000012300
210000012400
210000012500
210000012600
210000012700
210000012800
210000012900
210000013000
210000013100
210000013200
210000013300
210000013400
210000013500
210000013600
210000013700
210000013800
210000013900
210000014000
210000014100
210000014200
210000014300
210000014400
210000014500
210000014600
210000014700
210000014800
210000014900
210000015000
210000015100
210000015200
210000015300
210000015400
210000015500
210000015600
210000015700
210000015800
210000015900
210000016000
210000016100
210000016200
210000016300
210000016400
210000016500
210000016600
210000016700
210000016800
210000016900
210000017000
210000017100
210000017200
210000017300
210000017400
210000017500
210000017600
210000017700
210000017800
210000017900
210000018000
210000018100
210000018200
210000018300
210000018400
210000018500
210000018600
210000018700
210000018800
210000018900
210000019000
210000019100
210000019200
210000019300
210000019400
210000019500
210000019600
210000019700
210000019800
210000019900
210000020000
210000020100
210000020200
210000020300
210000020400
210000020500
210000020600
210000020700
210000020800
210000020900
210000021000
210000021100
210000021200
210000021300
210000021400
210000021500
210000021600
210000021700
210000021800
210000021900
210000022000
210000022100
210000022200
210000022300
210000022400
210000022500
210000022600
210000022700
210000022800
210000022900
210000023000
210000023100
210000023200
210000023300
210000023400
210000023500
210000023600
210000023700
210000023800
210000023900
210000024000
210000024100
210000024200
210000024300
210000024400
210000024500
210000024600
210000024700
210000024800
210000024900
210000025000
210000025100
210000025200
210000025300
210000025400
210000025500
210000025600
210000025700
210000025800
210000025900
210000026000
210000026100
210000026200
210000026300
210000026400
210000026500
210000026600
210000026700
210000026800
210000026900
210000027000
210000027100
210000027200
210000027300
210000027400
210000027500
210000027600
210000027700
210000027800
210000027900
210000028000
210000028100
210000028200
210000028300
210000028400
210000028500
210000028600
210000028700
210000028800
210000028900
210000029000
210000029100
210000029200
210000029300
210000029400
210000029500
210000029600
210000029700
210000029800
210000029900
210000030000
210000030100
210000030200
210000030300
210000030400
210000030500
210000030600
210000030700
210000030800
210000030900
210000031000
210000031100
210000031200
210000031300
210000031400
210000031500
210000031600
210000031700
210000031800
210000031900
210000032000
210000032100
210000032200
210000032300
210000032400
210000032500
210000032600
210000032700
210000032800
210000032900
210000033000
210000033100
210000033200
210000033300
210000033400
210000033500
210000033600
210000033700
210000033800
210000033900
210000034000
210000034100
210000034200
210000034300
210000034400
210000034500
210000034600
210000034700
210000034800
210000034900
210000035000
210000035100
210000035200
210000035300
210000035400
210000035500
210000035600
210000035700
210000035800
210000035900
210000036000
210000036100
210000036200
210000036300
210000036400
210000036500
210000036600
210000036700
210000036800
210000036900
210000037000
210000037100
210000037200
210000037300
210000037400
210000037500
210000037600
210000037700
210000037800
210000037900
210000038000
210000038100
210000038200
210000038300
210000038400
210000038500
210000038600
210000038700
210000038800
210000038900
210000039000
210000039100
210000039200
210000039300
210000039400
210000039500
210000039600
210000039700
210000039800
210000039900
210000040000
210000040100
210000040200
210000040300
210000040400
210000040500
210000040600
210000040700
210000040800
210000040900
210000041000
210000041100
210000041200
210000041300
210000041400
210000041500
210000041600
210000041700
210000041800
210000041900
210000042000
210000042100
210000042200
210000042300
210000042400
210000042500
210000042600
210000042700
210000042800
210000042900
210000043000
210000043100
210000043200
210000043300
210000043400
210000043500
210000043600
210000043700
210000043800
210000043900
210000044000
210000044100
210000044200
210000044300
210000044400
210000044500
210000044600
210000044700
210000044800
210000044900
210000045000
210000045100
210000045200
210000045300
210000045400
210000045500
210000045600
210000045700
210000045800
210000045900
210000046000
210000046100
210000046200
210000046300
210000046400
210000046500
210000046600
210000046700
210000046800
210000046900
210000047000
210000047100
210000047200
210000047300
210000047400
210000047500
210000047600
210000047700
210000047800
210000047900
210000048000
210000048100
210000048200
210000048300
210000048400
210000048500
210000048600
210000048700
210000048800
210000048900
210000049000
210000049100
210000049200
210000049300
210000049400
210000049500
210000049600
210000049700
210000049800
210000049900
210000050000
210000050100
210000050200
210000050300
210000050400
210000050500
210000050600
210000050700
210000050800
210000050900
210000051000
210000051100
210000051200
210000051300
210000051400
210000051500
210000051600
210000051700
210000051800
210000051900
210000052000
210000052100
210000052200
210000052300
210000052400
210000052500
210000052600
210000052700
210000052800
210000052900
210000053000
210000053100
210000053200
210000053300
210000053400
210000053500
210000053600
210000053700
210000053800
210000053900
210000054000
210000054100
210000054200
210000054300
210000054400
210000054500
210000054600
210000054700
210000054800
210000054900
210000055000
210000055100
210000055200
210000055300
210000055400
210000055500
210000055600
210000055700
210000055800
210000055900
210000056000
210000056100
210000056200
210000056300
210000056400
210000056500
210000056600
210000056700
210000056800
210000056900
210000057000
210000057100
210000057200
210000057300
210000057400
210000057500
210000057600
210000057700
210000057800
210000057900
210000058000
210000058100
210000058200
210000058300
210000058400
210000058500
210000058600
210000058700
210000058800
210000058900
210000059000
210000059100
210000059200
210000059300
210000059400
210000059500
210000059600
210000059700
210000059800
210000059900
210000060000
210000060100
210000060200
210000060300
210000060400
210000060500
210000060600
210000060700
210000060800
210000060900
210000061000
210000061100
210000061200
210000061300
210000061400
210000061500
210000061600
210000061700
210000061800
210000061900
210000062000
210000062100
210000062200
210000062300
210000062400
210000062500
210000062600
210000062700
210000062800
210000062900
210000063000
210000063100
210000063200
210000063300
210000063400
210000063500
210000063600
210000063700
210000063800
210000063900
210000064000
210000064100
210000064200
210000064300
210000064400
210000064500
210000064600
210000064700
210000064800
210000064900
210000065000
210000065100
210000065200
210000065300
210000065400
210000065500
210000065600
210000065700
210000065800
210000065900
210000066000
210000066100
210000066200
210000066300
210000066400
210000066500
210000066600
210000066700
210000066800
210000066900
210000067000
210000067100
210000067200
210000067300
210000067400
210000067500
210000067600
210000067700
210000067800
210000067900
210000068000
210000068100
210000068200
210000068300
210000068400
210000068500
210000068600
210000068700
210000068800
210000068900
210000069000
210000069100
210000069200
210000069300
210000069400
210000069500
210000069600
210000069700
210000069800
210000069900
210000070000
210000070100
210000070200
210000070300
210000070400
210000070500
210000070600
210000070700
210000070800
210000070900
210000071000
210000071100
210000071200
210000071300
210000071400
210000071500
210000071600
210000071700
210000071800
210000071900
210000072000
210000072100
210000072200
210000072300
210000072400
210000072500
210000072600
210000072700
210000072800
210000072900
210000073000
210000073100
210000073200
210000073300
210000073400
210000073500
210000073600
210000073700
210000073800
210000073900
210000074000
210000074100
210000074200
210000074300
210000074400
210000074500
210000074600
210000074700
210000074800
210000074900
210000075000
210000075100
210000075200
210000075300
210000075400
210000075500
210000075600
210000075700
210000075800
210000075900
210000076000
210000076100
210000076200
210000076300
210000076400
210000076500
210000076600
210000076700
210000076800
210000076900
210000077000
210000077100
210000077200
210000077300
210000077400
210000077500
210000077600
210000077700
210000077800
210000077900
210000078000
210000078100
210000078200
210000078300
210000078400
210000078500
210000078600
210000078700
210000078800
210000078900
210000079000
210000079100
210000079200
210000079300
210000079400
210000079500
210000079600
210000079700
210000079800
210000079900
210000080000
210000080100
210000080200
210000080300
210000080400
210000080500
210000080600
210000080700
210000080800
210000080900
210000081000
210000081100
210000081200
210000081300
210000081400
210000081500
210000081600
210000081700
210000081800
210000081900
210000082000
210000082100
210000082200
210000082300
210000082400
210000082500
210000082600
210000082700
210000082800
210000082900
210000083000
210000083100
210000083200
210000083300
210000083400
210000083500
210000083600
210000083700
210000083800
210000083900
210000084000
210000084100
210000084200
210000084300
210000084400
210000084500
210000084600
210000084700
210000084800
210000084900
210000085000
210000085100
210000085200
210000085300
210000085400
210000085500
210000085600
210000085700
210000085800
210000085900
210000086000
210000086100
210000086200
210000086300
210000086400
210000086500
210000086600
210000086700
210000086800
210000086900
210000087000
210000087100
210000087200
210000087300
210000087400
210000087500
210000087600
210000087700
210000087800
210000087900
210000088000
210000088100
210000088200
210000088300
210000088400
210000088500
210000088600
210000088700
210000088800
210000088900
210000089000
210000089100
210000089200
210000089300
210000089400
210000089500
210000089600
210000089700
210000089800
210000089900
210000090000
210000090100
210000090200
210000090300
210000090400
210000090500
210000090600
210000090700
210000090800
210000090900
210000091000
210000091100
210000091200
210000091300
210000091400
210000091500
210000091600
210000091700
210000091800
210000091900
210000092000
210000092100
210000092200
210000092300
210000092400
210000092500
210000092600
210000092700
210000092800
210000092900
210000093000
210000093100
210000093200
210000093300
210000093400
210000093500
210000093600
210000093700
210000093800
210000093900
210000094000
210000094100
210000094200
210000094300
210000094400
210000094500
210000094600
210000094700
210000094800
210000094900
210000095000
210000095100
210000095200
210000095300
210000095400
210000095500
210000095600
210000095700
210000095800
210000095900
210000096000
210000096100
210000096200
210000096300
210000096400
210000096500
210000096600
210000096700
210000096800
210000096900
210000097000
210000097100
210000097200
210000097300
210000097400
210000097500
210000097600
210000097700
210000097800
210000097900
210000098000
210000098100
210000098200
210000098300
210000098400
210000098500
210000098600
210000098700
210000098800
210000098900
210000099000
210000099100
210000099200
210000099300
210000099400
210000099500
210000099600
210000099700
210000099800
210000099900
210000100000
210000100100
210000100200
210000100300
210000100400
210000100500
210000100600
210000100700
210000100800
210000100900
210000101000
210000101100
210000101200
210000101300
210000101400
210000101500
210000101600
210000101700
210000101800
210000101900
210000102000
210000102100
210000102200
210000102300
210000102400
210000102500
210000102600
210000102700
210000102800
210000102900
210000103000
210000103100
210000103200
210000103300
210000103400
210000103500
210000103600
210000103700
210000103800
210000103900
210000104000
210000104100
210000104200
210000104300
210000104400
210000104500
210000104600
210000104700
210000104800
210000104900
210000105000
210000105100
210000105200
210000105300
210000105400
210000105500
210000105600
210000105700
210000105800
210000105900
210000106000
210000106100
210000106200
210000106300
210000106400
210000106500
210000106600
210000106700
210000106800
210000106900
210000107000
210000107100
210000107200
210000107300
210000107400
210000107500
210000107600
210000107700
210000107800
210000107900
210000108000
210000108100
210000108200
210000108300
210000108400
210000108500
210000108600
210000108700
210000108800
210000108900
210000109000
210000109100
210000109200
210000109300
210000109400
210000109500
210000109600
210000109700
210000109800
210000109900
210000110000
210000110100
210000110200
210000110300
210000110400
210000110500
210000110600
210000110700
210000110800
210000110900
210000111000
210000111100
210000111200
210000111300
210000111400
210000111500
210000111600
210000111700
210000111800
210000111900
210000112000
210000112100
210000112200
210000112300
210000112400
210000112500
210000112600
210000112700
210000112800
210000112900
210000113000
210000113100
210000113200
210000113300
210000113400
210000113500
210000113600
210000113700
210000113800
210000113900
210000114000
210000114100
210000114200
210000114300
210000114400
210000114500
210000114600
210000114700
210000114800
210000114900
210000115000
210000115100
210000115200
210000115300
210000115400
210000115500
210000115600
210000115700
210000115800
210000115900
210000116000
210000116100
210000116200
210000116300
210000116400
210000116500
210000116600
210000116700
210000116800
210000116900
210000117000
210000117100
210000117200
210000117300
210000117400
210000117500
210000117600
210000117700
210000117800
210000117900
210000118000
210000118100
210000118200
210000118300
210000118400
210000118500
210000118600
210000118700
210000118800
210000118900
210000119000
210000119100
210000119200
210000119300
210000119400
210000119500
210000119600
210000119700
210000119800
210000119900
210000120000
210000120100
210000120200
210000120300
210000120400
210000120500
210000120600
210000120700
210000120800
210000120900
210000121000
210000121100
210000121200
210000121300
210000121400
210000121500
210000121600
210000121700
210000121800
210000121900
210000122000
210000122100
210000122200
210000122300
210000122400
210000122500
210000122600
210000122700
210000122800
210000122900
210000123000
210000123100
210000123200
210000123300
210000123400
210000123500
210000123600
210000123700
210000123800
210000123900
210000124000
210000124100
210000124200
210000124300
210000124400
210000124500
210000124600
210000124700
210000124800
210000124900
210000125000
210000125100
210000125200
210000125300
210000125400
210000125500
210000125600
210000125700
210000125800
210000125900
210000126000
210000126100
210000126200
210000126300
210000126400
210000126500
210000126600
210000126700
210000126800
210000126900
210000127000
210000127100
210000127200
210000127300
210000127400
210000127500
210000127600
210000127700
210000127800
210000127900
210000128000
210000128100
210000128200
210000128300
210000128400
210000128500
210000128600
210000128700
210000128800
210000128900
210000129000
210000129100
210000129200
210000129300
210000129400
210000129500
210000129600
210000129700
210000129800
210000129900
210000130000
210000130100
210000130200
210000130300
210000130400
210000130500
210000130600
210000130700
210000130800
210000130900
210000131000
210000131100
210000131200
210000131300
210000131400
210000131500
210000131600
210000131700
210000131800
210000131900
210000132000
210000132100
210000132200
210000132300
210000132400
210000132500
210000132600
210000132700
210000132800
210000132900
210000133000
210000133100
210000133200
210000133300
210000133400
210000133500
210000133600
210000133700
210000133800
210000133900
210000134000
210000134100
210000134200
210000134300
210000134400
210000134500
210000134600
210000134700
210000134800
210000134900
210000135000
210000135100
210000135200
210000135300
210000135400
210000135500
210000135600
210000135700
210000135800
210000135900
210000136000
210000136100
210000136200
210000136300
210000136400
210000136500
210000136600
210000136700
210000136800
210000136900
210000137000
210000137100
210000137200
210000137300
210000137400
210000137500
210000137600
210000137700
210000137800
210000137900
210000138000
210000138100
210000138200
210000138300
210000138400
210000138500
210000138600
210000138700
210000138800
210000138900
210000139000
210000139100
210000139200
210000139300
210000139400
210000139500
210000139600
210000139700
210000139800
210000139900
210000140000
210000140100
210000140200
210000140300
210000140400
210000140500
210000140600
210000140700
210000140800
210000140900
210000141000
210000141100
210000141200
210000141300
210000141400
210000141500
210000141600
210000141700
210000141800
210000141900
210000142000
210000142100
210000142200
210000142300
210000142400
210000142500
210000142600
210000142700
210000142800
210000142900
210000143000
210000143100
210000143200
210000143300
210000143400
210000143500
210000143600
210000143700
210000143800
210000143900
210000144000
210000144100
210000144200
210000144300
210000144400
210000144500
210000144600
210000144700
210000144800
210000144900
210000145000
210000145100
210000145200
210000145300
210000145400
210000145500
210000145600
210000145700
210000145800
210000145900
210000146000
210000146100
210000146200
210000146300
210000146400
210000146500
210000146600
210000146700
210000146800
210000146900
210000147000
210000147100
210000147200
210000147300
210000147400
210000147500
210000147600
210000147700
210000147800
210000147900
210000148000
210000148100
210000148200
210000148300
210000148400
210000148500
210000148600
210000148700
210000148800
210000148900
210000149000
210000149100
210000149200
210000149300
210000149400
210000149500
210000149600
210000149700
210000149800
210000149900
210000150000
210000150100
210000150200
210000150300
210000150400
210000150500
210000150600
210000150700
210000150800
210000150900
210000151000
210000151100
210000151200
210000151300
210000151400
210000151500
210000151600
210000151700
210000151800
210000151900
210000152000
210000152100
210000152200
210000152300
210000152400
210000152500
210000152600
210000152700
210000152800
210000152900
210000153000
210000153100
210000153200
210000153300
210000153400
210000153500
210000153600
210000153700
210000153800
210000153900
210000154000
210000154100
210000154200
210000154300
210000154400
210000154500
210000154600
210000154700
210000154800
210000154900
210000155000
210000155100
210000155200
210000155300
210000155400
210000155500
210000155600
210000155700
210000155800
210000155900
210000156000
210000156100
210000156200
210000156300
210000156400
210000156500
210000156600
210000156700
210000156800
210000156900
210000157000
210000157100
210000157200
210000157300
210000157400
210000157500
210000157600
210000157700
210000157800
210000157900
210000158000
210000158100
210000158200
210000158300
210000158400
210000158500
210000158600
210000158700
210000158800
210000158900
210000159000
210000159100
210000159200
210000159300
210000159400
210000159500
210000159600
210000159700
210000159800
210000159900
210000160000
210000160100
210000160200
210000160300
210000160400
210000160500
210000160600
210000160700
210000160800
210000160900
210000161000
210000161100
210000161200
210000161300
210000161400
210000161500
210000161600
210000161700
210000161800
210000161900
210000162000
210000162100
210000162200
210000162300
210000162400
210000162500
210000162600
210000162700
210000162800
210000162900
210000163000
210000163100
210000163200
210000163300
210000163400
210000163500
210000163600
210000163700
210000163800
210000163900
210000164000
210000164100
210000164200
210000164300
210000164400
210000164500
210000164600
210000164700
210000164800
210000164900
210000165000
210000165100
210000165200
210000165300
210000165400
210000165500
210000165600
210000165700
210000165800
210000165900
210000166000
210000166100
210000166200
210000166300
210000166400
210000166500
210000166600
210000166700
210000166800
210000166900
210000167000
210000167100
210000167200
210000167300
210000167400
210000167500
210000167600
210000167700
210000167800
210000167900
210000168000
210000168100
210000168200
210000168300
210000168400
210000168500
210000168600
210000168700
210000168800
210000168900
210000169000
210000169100
210000169200
210000169300
210000169400
210000169500
210000169600
210000169700
210000169800
210000169900
210000170000
210000170100
210000170200
210000170300
210000170400
210000170500
210000170600
210000170700
210000170800
210000170900
210000171000
210000171100
210000171200
210000171300
210000171400
210000171500
210000171600
210000171700
210000171800
210000171900
210000172000
210000172100
210000172200
210000172300
210000172400
210000172500
210000172600
210000172700
210000172800
210000172900
210000173000
210000173100
210000173200
210000173300
210000173400
210000173500
210000173600
210000173700
210000173800
210000173900
210000174000
210000174100
210000174200
210000174300
210000174400
210000174500
210000174600
210000174700
210000174800
210000174900
210000175000
210000175100
210000175200
210000175300
210000175400
210000175500
210000175600
210000175700
210000175800
210000175900
210000176000
210000176100
210000176200
210000176300
210000176400
210000176500
210000176600
210000176700
210000176800
210000176900
210000177000
210000177100
210000177200
210000177300
210000177400
210000177500
210000177600
210000177700
210000177800
210000177900
210000178000
210000178100
210000178200
210000178300
210000178400
210000178500
210000178600
210000178700
210000178800
210000178900
210000179000
210000179100
210000179200
210000179300
210000179400
210000179500
210000179600
210000179700
210000179800
210000179900
210000180000
210000180100
210000180200
210000180300
210000180400
210000180500
210000180600
210000180700
210000180800
210000180900
210000181000
210000181100
210000181200
210000181300
210000181400
210000181500
210000181600
210000181700
210000181800
210000181900
210000182000
210000182100
210000182200
210000182300
210000182400
210000182500
210000182600
210000182700
210000182800
210000182900
210000183000
210000183100
210000183200
210000183300
210000183400
210000183500
210000183600
210000183700
210000183800
210000183900
210000184000
210000184100
210000184200
210000184300
210000184400
210000184500
210000184600
210000184700
210000184800
210000184900
210000185000
210000185100
210000185200
210000185300
210000185400
210000185500
210000185600
210000185700
210000185800
210000185900
210000186000
210000186100
210000186200
210000186300
210000186400
210000186500
210000186600
210000186700
210000186800
210000186900
210000187000
210000187100
210000187200
210000187300
210000187400
210000187500
210000187600
210000187700
210000187800
210000187900
210000188000
210000188100
210000188200
210000188300
210000188400
210000188500
210000188600
210000188700
210000188800
210000188900
210000189000
210000189100
210000189200
210000189300
210000189400
210000189500
210000189600
210000189700
210000189800
210000189900
210000190000
210000190100
210000190200
210000190300
210000190400
210000190500
210000190600
210000190700
210000190800
210000190900
210000191000
210000191100
210000191200
210000191300
210000191400
210000191500
210000191600
210000191700
210000191800
210000191900
210000192000
210000192100
210000192200
210000192300
210000192400
210000192500
210000192600
210000192700
210000192800
210000192900
210000193000
210000193100
210000193200
210000193300
210000193400
210000193500
210000193600
210000193700
210000193800
210000193900
210000194000
210000194100
210000194200
210000194300
210000194400
210000194500
210000194600
210000194700
210000194800
210000194900
210000195000
210000195100
210000195200
210000195300
210000195400
210000195500
210000195600
210000195700
210000195800
210000195900
210000196000
210000196100
210000196200
210000196300
210000196400
210000196500
210000196600
210000196700
210000196800
210000196900
210000197000
210000197100
210000197200
210000197300
210000197400
210000197500
210000197600
210000197700
210000197800
210000197900
210000198000
210000198100
210000198200
210000198300
210000198400
210000198500
210000198600
210000198700
210000198800
210000198900
210000199000
210000199100
210000199200
210000199300
210000199400
210000199500
210000199600
210000199700
210000199800
210000199900
210000200000
210000200100
210000200200
210000200300
210000200400
210000200500
210000200600
210000200700
210000200800
210000200900
210000201000
210000201100
210000201200
210000201300
210000201400
210000201500
210000201600
210000201700
210000201800
210000201900
210000202000
210000202100
210000202200
210000202300
210000202400
210000202500
210000202600
210000202700
210000202800
210000202900
210000203000
210000203100
210000203200
210000203300
210000203400
210000203500
210000203600
210000203700
210000203800
210000203900
210000204000
210000204100
210000204200
210000204300
210000204400
210000204500
210000204600
210000204700
210000204800
210000204900
210000205000
210000205100
210000205200
210000205300
210000205400
210000205500
210000205600
210000205700
210000205800
210000205900
210000206000
210000206100
210000206200
210000206300
210000206400
210000206500
210000206600
210000206700
210000206800
210000206900
210000207000
210000207100
210000207200
210000207300
210000207400
210000207500
210000207600
210000207700
210000207800
210000207900
210000208000
210000208100
210000208200
210000208300
210000208400
210000208500
210000208600
210000208700
210000208800
210000208900
210000209000
210000209100
210000209200
210000209300
210000209400
210000209500
210000209600
210000209700
210000209800
210000209900
210000210000
210000210100
210000210200
210000210300
210000210400
210000210500
210000210600
210000210700
210000210800
210000210900
210000211000
210000211100
210000211200
210000211300
210000211400
210000211500
210000211600
210000211700
210000211800
210000211900
210000212000
210000212100
210000212200
210000212300
210000212400
210000212500
210000212600
210000212700
210000212800
210000212900
210000213000
210000213100
210000213200
210000213300
210000213400
210000213500
210000213600
210000213700
210000213800
210000213900
210000214000
210000214100
210000214200
210000214300
210000214400
210000214500
210000214600
210000214700
210000214800
210000214900
210000215000
210000215100
210000215200
210000215300
210000215400
210000215500
210000215600
210000215700
210000215800
210000215900
210000216000
210000216100
210000216200
210000216300
210000216400
210000216500
210000216600
210000216700
210000216800
210000216900
210000217000
210000217100
210000217200
210000217300
210000217400
210000217500
210000217600
210000217700
210000217800
210000217900
210000218000
210000218100
210000218200
210000218300
210000218400
210000218500
210000218600
210000218700
210000218800
210000218900
210000219000
210000219100
210000219200
210000219300
210000219400
210000219500
210000219600
210000219700
210000219800
210000219900
210000220000
210000220100
210000220200
210000220300
210000220400
210000220500
210000220600
210000220700
210000220800
210000220900
210000221000
210000221100
210000221200
210000221300
210000221400
210000221500
210000221600
210000221700
210000221800
210000221900
210000222000
210000222100
210000222200
210000222300
210000222400
210000222500
210000222600
210000222700
210000222800
210000222900
210000223000
210000223100
210000223200
210000223300
210000223400
210000223500
210000223600
210000223700
210000223800
210000223900
210000224000
210000224100
210000224200
210000224300
210000224400
210000224500
210000224600
210000224700
210000224800
210000224900
210000225000
210000225100
210000225200
210000225300
210000225400
210000225500
210000225600
210000225700
210000225800
210000225900
210000226000
210000226100
210000226200
210000226300
210000226400
210000226500
210000226600
210000226700
210000226800
210000226900
210000227000
210000227100
210000227200
210000227300
210000227400
210000227500
210000227600
210000227700
210000227800
210000227900
210000228000
210000228100
210000228200
210000228300
210000228400
210000228500
210000228600
210000228700
210000228800
210000228900
210000229000
210000229100
210000229200
210000229300
210000229400
210000229500
210000229600
210000229700
210000229800
210000229900
210000230000
210000230100
210000230200
210000230300
210000230400
210000230500
210000230600
210000230700
210000230800
210000230900
210000231000
210000231100
210000231200
210000231300
210000231400
210000231500
210000231600
210000231700
210000231800
210000231900
210000232000
210000232100
210000232200
210000232300
210000232400
210000232500
210000232600
210000232700
210000232800
210000232900
210000233000
210000233100
210000233200
210000233300
210000233400
210000233500
210000233600
210000233700
210000233800
210000233900
210000234000
210000234100
210000234200
210000234300
210000234400
210000234500
210000234600
210000234700
210000234800
210000234900
210000235000
210000235100
210000235200
210000235300
210000235400
210000235500
210000235600
210000235700
210000235800
210000235900
210000236000
210000236100
210000236200
210000236300
210000236400
210000236500
210000236600
210000236700
210000236800
210000236900
210000237000
210000237100
210000237200
210000237300
210000237400
210000237500
210000237600
210000237700
210000237800
210000237900
210000238000
210000238100
210000238200
210000238300
210000238400
210000238500
210000238600
210000238700
210000238800
210000238900
210000239000
210000239100
210000239200
210000239300
210000239400
210000239500
210000239600
210000239700
210000239800
210000239900
210000240000
210000240100
210000240200
210000240300
210000240400
210000240500
210000240600
210000240700
210000240800
210000240900
210000241000
210000241100
210000241200
210000241300
210000241400
210000241500
210000241600
210000241700
210000241800
210000241900
210000242000
210000242100
210000242200
210000242300
210000242400
210000242500
210000242600
210000242700
210000242800
210000242900
210000243000
210000243100
210000243200
210000243300
210000243400
210000243500
210000243600
210000243700
210000243800
210000243900
210000244000
210000244100
210000244200
210000244300
210000244400
210000244500
210000244600
210000244700
210000244800
210000244900
210000245000
210000245100
210000245200
210000245300
210000245400
210000245500
210000245600
210000245700
210000245800
210000245900
210000246000
210000246100
210000246200
210000246300
210000246400
210000246500
210000246600
210000246700
210000246800
210000246900
210000247000
210000247100
210000247200
210000247300
210000247400
210000247500
210000247600
210000247700
210000247800
210000247900
210000248000
210000248100
210000248200
210000248300
210000248400
210000248500
210000248600
210000248700
210000248800
210000248900
210000249000
210000249100
210000249200
210000249300
210000249400
210000249500
210000249600
210000249700
210000249800
210000249900
210000250000
210000250100
210000250200
210000250300
210000250400
210000250500
210000250600
210000250700
210000250800
210000250900
210000251000
210000251100
210000251200
210000251300
210000251400
210000251500
210000251600
210000251700
210000251800
210000251900
210000252000
210000252100
210000252200
210000252300
210000252400
210000252500
210000252600
210000252700
210000252800
210000252900
210000253000
210000253100
210000253200
210000253300
210000253400
210000253500
210000253600
210000253700
210000253800
210000253900
210000254000
210000254100
210000254200
210000254300
210000254400
210000254500
210000254600
210000254700
210000254800
210000254900
210000255000
210000255100
210000255200
210000255300
210000255400
210000255500
210000255600
210000255700
210000255800
210000255900
210000256000
210000256100
210000256200
210000256300
210000256400
210000256500
210000256600
210000256700
210000256800
210000256900
210000257000
210000257100
210000257200
210000257300
210000257400
210000257500
210000257600
210000257700
210000257800
210000257900
210000258000
210000258100
210000258200
210000258300
210000258400
210000258500
210000258600
210000258700
210000258800
210000258900
210000259000
210000259100
210000259200
210000259300
210000259400
210000259500
210000259600
210000259700
210000259800
210000259900
210000260000
210000260100
210000260200
210000260300
210000260400
210000260500
210000260600
210000260700
210000260800
210000260900
210000261000
210000261100
210000261200
210000261300
210000261400
210000261500
210000261600
210000261700
210000261800
210000261900
210000262000
210000262100
210000262200
210000262300
210000262400
210000262500
210000262600
210000262700
210000262800
210000262900
210000263000
210000263100
210000263200
210000263300
210000263400
210000263500
210000263600
210000263700
210000263800
210000263900
210000264000
210000264100
210000264200
210000264300
210000264400
210000264500
210000264600
210000264700
210000264800
210000264900
210000265000
210000265100
210000265200
210000265300
210000265400
210000265500
210000265600
210000265700
210000265800
210000265900
210000266000
210000266100
210000266200
210000266300
210000266400
210000266500
210000266600
210000266700
210000266800
210000266900
210000267000
210000267100
210000267200
210000267300
210000267400
210000267500
210000267600
210000267700
210000267800
210000267900
210000268000
210000268100
210000268200
210000268300
210000268400
210000268500
210000268600
210000268700
210000268800
210000268900
210000269000
210000269100
210000269200
210000269300
210000269400
210000269500
210000269600
210000269700
210000269800
210000269900
210000270000
210000270100
210000270200
210000270300
210000270400
210000270500
210000270600
210000270700
210000270800
210000270900
210000271000
210000271100
210000271200
210000271300
210000271400
210000271500
210000271600
210000271700
210000271800
210000271900
210000272000
210000272100
210000272200
210000272300
210000272400
210000272500
210000272600
210000272700
210000272800
210000272900
210000273000
210000273100
210000273200
210000273300
210000273400
210000273500
210000273600
210000273700
210000273800
210000273900
210000274000
210000274100
210000274200
210000274300
210000274400
210000274500
210000274600
210000274700
210000274800
210000274900
210000275000
210000275100
210000275200
210000275300
210000275400
210000275500
210000275600
210000275700
210000275800
210000275900
210000276000
210000276100
210000276200
210000276300
210000276400
210000276500
210000276600
210000276700
210000276800
210000276900
210000277000
210000277100
210000277200
210000277300
210000277400
210000277500
210000277600
210000277700
210000277800
210000277900
210000278000
210000278100
210000278200
210000278300
210000278400
210000278500
210000278600
210000278700
210000278800
210000278900
210000279000
210000279100
210000279200
210000279300
210000279400
210000279500
210000279600
210000279700
210000279800
210000279900
210000280000
210000280100
210000280200
210000280300
210000280400
210000280500
210000280600
210000280700
210000280800
210000280900
210000281000
210000281100
210000281200
210000281300
210000281400
210000281500
210000281600
210000281700
210000281800
210000281900
210000282000
210000282100
210000282200
210000282300
210000282400
210000282500
210000282600
210000282700
210000282800
210000282900
210000283000
210000283100
210000283200
210000283300
210000283400
210000283500
210000283600
210000283700
210000283800
210000283900
210000284000
210000284100
210000284200
210000284300
210000284400
210000284500
210000284600
210000284700
210000284800
210000284900
210000285000
210000285100
210000285200
210000285300
210000285400
210000285500
210000285600
210000285700
210000285800
210000285900
210000286000
210000286100
210000286200
210000286300
210000286400
210000286500
210000286600
210000286700
210000286800
210000286900
210000287000
210000287100
210000287200
210000287300
210000287400
210000287500
210000287600
210000287700
210000287800
210000287900
210000288000
210000288100
210000288200
210000288300
210000288400
210000288500
210000288600
210000288700
210000288800
210000288900
210000289000
210000289100
210000289200
210000289300
210000289400
210000289500
210000289600
210000289700
210000289800
210000289900
210000290000
210000290100
210000290200
210000290300
210000290400
210000290500
210000290600
210000290700
210000290800
210000290900
210000291000
210000291100
210000291200
210000291300
210000291400
210000291500
210000291600
210000291700
210000291800
210000291900
210000292000
210000292100
210000292200
210000292300
210000292400
210000292500
210000292600
210000292700
210000292800
210000292900
210000293000
210000293100
210000293200
210000293300
210000293400
210000293500
210000293600
210000293700
210000293800
210000293900
210000294000
210000294100
210000294200
210000294300
210000294400
210000294500
210000294600
210000294700
210000294800
210000294900
210000295000
210000295100
210000295200
210000295300
210000295400
210000295500
210000295600
210000295700
210000295800
210000295900
210000296000
210000296100
210000296200
210000296300
210000296400
210000296500
210000296600
210000296700
210000296800
210000296900
210000297000
210000297100
210000297200
210000297300
210000297400
210000297500
210000297600
210000297700
210000297800
210000297900
210000298000
210000298100
210000298200
210000298300
210000298400
210000298500
210000298600
210000298700
210000298800
210000298900
210000299000
210000299100
210000299200
210000299300
210000299400
210000299500
210000299600
210000299700
210000299800
210000299900
210000300000
210000300100
210000300200
210000300300
210000300400
210000300500
210000300600
210000300700
210000300800
210000300900
210000301000
210000301100
210000301200
210000301300
210000301400
210000301500
210000301600
210000301700
210000301800
210000301900
210000302000
210000302100
210000302200
210000302300
210000302400
210000302500
210000302600
210000302700
210000302800
210000302900
210000303000
210000303100
210000303200
210000303300
210000303400
210000303500
210000303600
210000303700
210000303800
210000303900
210000304000
210000304100
210000304200
210000304300
210000304400
210000304500
210000304600
210000304700
210000304800
210000304900
210000305000
210000305100
210000305200
210000305300
210000305400
210000305500
210000305600
210000305700
210000305800
210000305900
210000306000
210000306100
210000306200
210000306300
210000306400
210000306500
210000306600
210000306700
210000306800
210000306900
210000307000
210000307100
210000307200
210000307300
210000307400
210000307500
210000307600
210000307700
210000307800
210000307900
210000308000
210000308100
210000308200
210000308300
210000308400
210000308500
210000308600
210000308700
210000308800
210000308900
210000309000
210000309100
210000309200
210000309300
210000309400
210000309500
210000309600
210000309700
210000309800
210000309900
210000310000
210000310100
210000310200
210000310300
210000310400
210000310500
210000310600
210000310700
210000310800
210000310900
210000311000
210000311100
210000311200
210000311300
210000311400
210000311500
210000311600
210000311700
210000311800
210000311900
210000312000
210000312100
210000312200
210000312300
210000312400
210000312500
210000312600
210000312700
210000312800
210000312900
210000313000
210000313100
210000313200
210000313300
210000313400
210000313500
210000313600
210000313700
210000313800
210000313900
210000314000
210000314100
210000314200
210000314300
210000314400
210000314500
210000314600
210000314700
210000314800
210000314900
210000315000
210000315100
210000315200
210000315300
210000315400
210000315500
210000315600
210000315700
210000315800
210000315900
210000316000
210000316100
210000316200
210000316300
210000316400
210000316500
210000316600
210000316700
210000316800
210000316900
210000317000
210000317100
210000317200
210000317300
210000317400
210000317500
210000317600
210000317700
210000317800
210000317900
210000318000
210000318100
210000318200
210000318300
210000318400
210000318500
210000318600
210000318700
210000318800
210000318900
210000319000
210000319100
210000319200
210000319300
210000319400
210000319500
210000319600
210000319700
210000319800
210000319900
210000320000
210000320100
210000320200
210000320300
210000320400
210000320500
210000320600
210000320700
210000320800
210000320900
210000321000
210000321100
210000321200
210000321300
210000321400
210000321500
210000321600
210000321700
210000321800
210000321900
210000322000
210000322100
210000322200
210000322300
210000322400
210000322500
210000322600
210000322700
210000322800
210000322900
210000323000
210000323100
210000323200
210000323300
210000323400
210000323500
210000323600
210000323700
210000323800
210000323900
210000324000
210000324100
210000324200
210000324300
210000324400
210000324500
210000324600
210000324700
210000324800
210000324900
210000325000
210000325100
210000325200
210000325300
210000325400
210000325500
210000325600
210000325700
210000325800
210000325900
210000326000
210000326100
210000326200
210000326300
210000326400
210000326500
210000326600
210000326700
210000326800
210000326900
210000327000
210000327100
210000327200
210000327300
210000327400
210000327500
210000327600
210000327600
210000327700
210000327800
210000327900
210000328000
210000328100
210000328200
210000328300
210000328400
210000328500
210000328600
210000328700
210000328800
210000328900
210000329000
210000329100
210000329200
210000329300
210000329400
210000329500
210000329600
210000329700
210000329800
210000329900
210000330000
210000330100
210000330200
210000330300
210000330400
210000330500
210000330600
210000330700
210000330800
210000330900
210000331000
210000331100
210000331200
210000331300
210000331400
210000331500
210000331600
210000331700
210000331800
210000331900
210000332000
210000332100
210000332200
210000332300
210000332400
210000332500
210000332600
210000332700
210000332800
210000332900
210000333000
210000333100
210000333200
210000333300
210000333400
210000333500
210000333600
210000333700
210000333800
210000333900
210000334000
210000334100
210000334200
210000334300
210000334400
210000334500
210000334600
210000334700
210000334800
210000334900
210000335000
210000335100
210000335200
210000335300
210000335400
210000335500
210000335600
210000335700
210000335800
210000335900
210000336000
210000336100
210000336200
210000336300
210000336400
210000336500
210000336600
210000336700
210000336800
210000336900
210000337000
210000337100
210000337200
210000337300
210000337400
210000337500
210000337600
210000337700
210000337800
210000337900
210000338000
210000338100
210000338200
210000338300
210000338400
210000338500
210000338600
210000338700
210000338800
210000338900
210000339000
210000339100
210000339200
210000339300
210000339400
210000339500
210000339600
210000339700
210000339800
210000339900
210000340000
210000340100
210000340200
210000340300
210000340400
210000340500
210000340600
210000340700
210000340800
210000340900
210000341000
210000341100
210000341200
210000341300
210000341400
210000341500
210000341600
210000341700
210000341800
210000341900
210000342000
210000342100
210000342200
210000342300
210000342400
210000342500
210000342600
210000342700
210000342800
210000342900
210000343000
210000343100
210000343200
210000343300
210000343400
210000343500
210000343600
210000343700
210000343800
210000343900
210000344000
210000344100
210000344200
210000344300
210000344400
210000344500
210000344600
210000344700
210000344800
210000344900
210000345000
210000345100
210000345200
210000345300
210000345400
210000345500
210000345600
210000345700
210000345800
210000345900
210000346000
210000346100
210000346200
210000346300
210000346400
210000346500
210000346600
210000346700
210000346800
210000346900
210000347000
210000347100
210000347200
210000347300
210000347400
210000347500
210000347600
210000347700
210000347800
210000347900
210000348000
210000348100
210000348200
210000348300
210000348400
210000348500
210000348600
210000348700
210000348800
210000348900
210000349000
210000349100
210000349200
210000349300
210000349400
210000349500
210000349600
210000349700
210000349800
210000349900
210000350000
210000350100
210000350200
210000350300
210000350400
210000350500
210000350600
210000350700
210000350800
210000350900
210000351000
210000351100
210000351200
210000351300
210000351400
210000351500
210000351600
210000351700
210000351800
210000351900
210000352000
210000352100
210000352200
210000352300
210000352400
210000352500
210000352600
210000352700
210000352800
210000352900
210000353000
210000353100
210000353200
210000353300
210000353400
210000353500
210000353600
210000353700
210000353800
210000353900
210000354000
210000354100
210000354200
210000354300
210000354400
210000354500
210000354600
210000354700
210000354800
210000354900
210000355000
210000355100
210000355200
210000355300
210000355400
210000355500
210000355600
210000355700
210000355800
210000355900
210000356000
210000356100
210000356200
210000356300
210000356400
210000356500
210000356600
210000356700
210000356800
210000356900
210000357000
210000357100
210000357200
210000357300
210000357400
210000357500
210000357600
210000357700
210000357800
210000357900
210000358000
210000358100
210000358200
210000358300
210000358400
210000358500
210000358600
210000358700
210000358800
210000358900
210000359000
210000359100
210000359200
210000359300
210000359400
210000359500
210000359600
210000359700
210000359800
210000359900
210000360000
210000360100
210000360200
210000360300
210000360400
210000360500
210000360600
210000360700
210000360800
210000360900
210000361000
210000361100
210000361200
210000361300
210000361400
210000361500
210000361600
210000361700
210000361800
210000361900
210000362000
210000362100
210000362200
210000362300
210000362400
210000362500
210000362600
210000362700
210000362800
210000362900
210000363000
210000363100
210000363200
210000363300
210000363400
210000363500
210000363600
210000363700
210000363800
210000363900
210000364000
210000364100
210000364200
210000364300
210000364400
210000364500
210000364600
210000364700
210000364800
210000364900
210000365000
210000365100
210000365200
210000365300
210000365400
210000365500
210000365600
210000365700
210000365800
210000365900
210000366000
210000366100
210000366200
210000366300
210000366400
210000366500
210000366600
210000366700
210000366800
210000366900
210000367000
210000367100
210000367200
210000367300
210000367400
210000367500
210000367600
210000367700
210000367800
210000367900
210000368000
210000368100
210000368200
210000368300
210000368400
210000368500
210000368600
210000368700
210000368800
210000368900
210000369000
210000369100
210000369200
210000369300
210000369400
210000369500
210000369600
210000369700
210000369800
210000369900
210000370000
210000370100
210000370200
210000370300
210000370400
210000370500
210000370600
210000370700
210000370800
210000370900
210000371000
210000371100
210000371200
210000371300
210000371400
210000371500
210000371600
210000371700
210000371800
210000371900
210000372000
210000372100
210000372200
210000372300
210000372400
210000372500
210000372600
210000372700
210000372800
210000372900
210000373000
210000373100
210000373200
210000373300
210000373400
210000373500
210000373600
210000373700
210000373800
210000373900
210000374000
210000374100
210000374200
210000374300
210000374400
210000374500
210000374600
210000374700
210000374800
210000374900
210000375000
210000375100
210000375200
210000375300
210000375400
210000375500
210000375600
210000375700
210000375800
210000375900
210000376000
210000376100
210000376200
210000376300
210000376400
210000376500
210000376600
210000376700
210000376800
210000376900
210000377000
210000377100
210000377200
210000377300
210000377400
210000377500
210000377600
210000377700
210000377800
210000377900
210000378000
210000378100
210000378200
210000378300
210000378400
210000378500
210000378600
210000378700
210000378800
210000378900
210000379000
210000379100
210000379200
210000379300
210000379400
210000379500
210000379600
210000379700
210000379800
210000379900
210000380000
210000380100
210000380200
210000380300
210000380400
210000380500
210000380600
210000380700
210000380800
210000380900
210000381000
210000381100
210000381200
210000381300
210000381400
210000381500
210000381600
210000381700
210000381800
210000381900
210000382000
210000382100
210000382200
210000382300
210000382400
210000382500
210000382600
210000382700
210000382800
210000382900
210000383000
210000383100
210000383200
210000383300
210000383400
210000383500
210000383600
210000383700
210000383800
210000383900
210000384000
210000384100
210000384200
210000384300
210000384400
210000384500
210000384600
210000384700
210000384800
210000384900
210000385000
210000385100
210000385200
210000385300
210000385400
210000385500
210000385600
210000385700
210000385800
210000385900
210000386000
210000386100
210000386200
210000386300
210000386400
210000386500
210000386600
210000386700
210000386800
210000386900
210000387000
210000387100
210000387200
210000387300
210000387400
210000387500
210000387600
210000387700
210000387800
210000387900
210000388000
210000388100
210000388200
210000388300
210000388400
210000388500
210000388600
210000388700
210000388800
210000388900
210000389000
210000389100
210000389200
210000389300
210000389400
210000389500
210000389600
210000389700
210000389800
210000389900
210000390000
210000390100
210000390200
210000390300
210000390400
210000390500
210000390600
210000390700
210000390800
210000390900
210000391000
210000391100
210000391200
210000391300
210000391400
210000391500
210000391600
210000391700
210000391800
210000391900
210000392000
210000392100
210000392200
210000392300
210000392400
210000392500
210000392600
210000392700
210000392800
210000392900
210000393000
210000393100
210000393200
210000393300
210000393400
210000393500
210000393600
210000393700
210000393800
210000393900
210000394000
210000394100
210000394200
210000394300
210000394400
210000394500
210000394600
210000394700
210000394800
210000394900
210000395000
210000395100
210000395200
210000395300
210000395400
210000395500
210000395600
210000395700
210000395800
210000395900
210000396000
210000396100
210000396200
210000396300
210000396400
210000396500
210000396600
210000396700
210000396800
210000396900
210000397000
210000397100
210000397200
220000000100
220000000200
220000000300
220000000400
220000000500
220000000600
220000000700
220000000800
220000000900
220000001000
220000001100
220000001200
220000001300
220000001400
220000001500
220000001600
220000001700
220000001800
220000001900
220000002000
220000002100
220000002200
220000002300
220000002400
220000002500
220000002600
220000002700
220000002800
220000002900
220000003000
220000003100
220000003200
220000003300
220000003400
220000003500
220000003600
220000003700
220000003800
220000003900
220000004000
220000004100
220000004200
220000004300
220000004400
220000004500
220000004600
220000004700
220000004800
220000004900
220000005000
220000005100
220000005200
220000005300
220000005400
220000005500
220000005600
220000005700
220000005800
220000005900
220000006000
220000006100
220000006200
220000006300
220000006400
220000006500
220000006600
220000006700
220000006800
220000006900
220000007000
220000007100
220000007200
220000007300
220000007400
220000007500
220000007600
220000007700
220000007800
220000007900
220000008000
220000008100
220000008200
220000008300
220000008400
220000008500
220000008600
220000008700
220000008800
220000008900
220000009000
220000009100
220000009200
220000009300
220000009400
220000009500
220000009600
220000009700
220000009800
220000009900
220000010000
220000010100
220000010200
220000010300
220000010400
220000010500
220000010600
220000010700
220000010800
220000010900
220000011000
220000011100
220000011200
220000011300
220000011400
220000011500
220000011600
220000011700
220000011800
220000011900
220000012000
220000012100
220000012200
220000012300
220000012400
220000012500
220000012600
220000012700
220000012800
220000012900
220000013000
220000013100
220000013200
220000013300
220000013400
220000013500
220000013600
220000013700
220000013800
220000013900
220000014000
220000014100
220000014200
220000014300
220000014400
220000014500
220000014600
220000014700
220000014800
220000014900
